00000000000000000000000000000000
00000000000000000000000000000000
00000000000000000000000000000000
00000111110001111110001110000000
00000111111001111110011111000000
00000111111111111111111111000000
00000111111111111111111111000000
00000111111111111111111111000000
00000011111111111111111110000000
00000001111111111111111100000000
00000000111111111111111000000000
00000000011111111111110000000000
00000000011111111111110000000000
00000000011111111111110000000000
00000000011111111111110000000000
00000000011111111111110000000000
00000000011111111111110000000000
00000000011111111111110000000000
00000000011111111111110000000000
00000000011111111111110000000000
00000000011111111111110000000000
00000000011111111111110000000000
00000000111111111111110000000000
00000001111111111111111000000000
00000001111111111111111000000000
00000011111111111111111110000000
00000111111111111111111110000000
00011111111111111111111111100000
00011111111111111111111111100000
00011111111111111111111111100000
00000000000000000000000000000000
00000000000000000000000000000000
